1 0.4376249265138154 0.9177072310405644 0.33227513227513233 0.10730158730158716
1 0.2443856554967666 0.2607760141093474 0.4779541446208113 0.22948853615520284
1 0.39150499706055264 0.7858377425044092 0.35679012345679023 0.16970017636684293
1 0.3037037037037037 0.470652557319224 0.4254556143445032 0.22514991181657848
1 0.3586125808348031 0.6471252204585538 0.3878306878306879 0.19417989417989406
1 0.5333039388594943 0.5891534391534391 0.1415049970605526 0.09513227513227523
1 0.5148736037624926 0.476931216931217 0.13885949441505005 0.10934744268077605
1 0.3455320399764844 0.16548500881834216 0.3867136978248089 0.16402116402116398
1 0.5354203409758965 0.6891181657848324 0.12427983539094652 0.10109347442680773
1 0.5306878306878308 0.7968606701940035 0.13280423280423292 0.11714285714285708
1 0.45582010582010585 0.35984126984126985 0.19764844209288648 0.1550617283950617
1 0.5011169900058788 0.16973544973544974 0.08700764256319807 0.07964726631393293
1 0.5090828924162257 0.3205820105820106 0.11604938271604934 0.09298059964726632
1 0.5016166960611406 0.397336860670194 0.09841269841269841 0.0878306878306878
1 0.5268371546149324 0.5430158730158731 0.08853615520282195 0.07809523809523816