1 0.1078125 0.61146875 0.0875 0.3205937499999999
1 0.755953125 0.7559843749999999 0.19975000000000004 0.45945312500000013
1 0.23742187499999998 0.647953125 0.14709374999999997 0.3413124999999999
1 0.54834375 0.711921875 0.19896875000000006 0.40404687499999986
1 0.37403125 0.67040625 0.17101562500000003 0.369390625
1 0.42993750000000003 0.49365625 0.08629687500000002 0.13342187499999997
1 0.539546875 0.504890625 0.09967187499999994 0.12939062499999993
1 0.8481406249999999 0.6489218750000001 0.14037499999999997 0.37035937500000005
1 0.3310625 0.49903125 0.09282812499999996 0.11498437500000006
1 0.224859375 0.51171875 0.10796874999999997 0.12273437499999992
1 0.65528125 0.554203125 0.14196875000000003 0.18420312499999997
1 0.841796875 0.49609375 0.07287500000000016 0.07989062499999999
1 0.693359375 0.499515625 0.08618749999999994 0.10857812500000001
1 0.618171875 0.51171875 0.08049999999999997 0.09087499999999996
1 0.47485937500000003 0.49682812500000006 0.07171874999999997 0.08154687500000009