1 0.9161016949152543 0.707457627118644 0.16779661016949152 0.367457627118644
1 0.20135593220338982 0.704406779661017 0.32655367231638416 0.5448587570621469
1 0.7740677966101694 0.7147457627118643 0.2412429378531074 0.404180790960452
1 0.4310169491525424 0.7070621468926555 0.3125423728813559 0.48655367231638424
1 0.6232768361581921 0.7055367231638418 0.2740112994350284 0.4401129943502826
1 0.5812429378531072 0.5053107344632768 0.12576271186440685 0.1653107344632768
1 0.4603954802259887 0.4896610169491525 0.13920903954802258 0.16451977401129939
1 0.12819209039548024 0.5687570621468927 0.2093785310734463 0.43242937853107344
1 0.6869491525423728 0.5342937853107345 0.12790960451977407 0.14689265536723176
1 0.8009039548022598 0.5731073446327684 0.14734463276836168 0.15999999999999995
1 0.33045197740112997 0.5147457627118643 0.1978531073446328 0.2342372881355933
1 0.13435028248587572 0.40802259887005654 0.09807909604519775 0.10440677966101698
1 0.2947457627118644 0.4474011299435029 0.11887005649717512 0.13785310734463269
1 0.37531073446327684 0.4789265536723164 0.10903954802259894 0.11694915254237288
1 0.5318079096045197 0.4977966101694915 0.09819209039548032 0.10610169491525427